30 
0 6 65 10 1 14 31 20 43 22 5 23 81 25 99 27 59 28 3 29 82
1 3 42 5 81 8 56 9 1 10 59 11 41 12 96 13 27 15 60 16 68 19 76 20 25 21 3 24 80 25 58 28 7 29 73
2 6 100 7 7 11 79 13 2 14 36 17 7 18 92 20 72 21 93 25 70 26 75 27 38 29 74
3 6 73 8 61 9 75 10 36 11 81 12 68 13 16 17 59 20 1 21 26 22 1 27 40 28 9 
4 6 43 7 40 9 2 10 88 13 35 14 5 15 73 16 29 21 46 22 39 23 26 26 92 27 26 28 20 
5 6 62 7 80 8 12 10 35 14 40 17 87 19 5 20 71 23 87 25 42 26 39 27 30 
6 8 79 11 79 15 67 17 78 19 29 22 12 23 46 25 36 27 21 28 26 29 79
7 8 55 10 98 13 86 14 94 16 91 17 96 19 97 25 99 27 35 29 67
8 9 54 13 63 23 1 28 37 29 62
9 11 74 13 17 14 100 16 7 17 56 18 35 19 23 22 22 24 81 26 96 27 59 28 62 29 22
10 14 77 19 29 22 70 23 20 24 21 25 46 28 80 
11 13 87 16 42 19 39 22 20 23 12 26 69 29 13
12 18 5 19 46 20 30 22 40 24 64 26 51 
13 14 10 15 14 17 87 18 16 22 29 23 3 27 91 28 51 
14 17 6 20 75 22 64 23 58 24 18 25 87 26 62 27 83 28 40 
15 16 59 19 20 21 66 24 91 25 36 26 49 27 51 28 47 29 41
16 17 73 18 80 19 12 20 38 21 31 27 16 28 86 
17 19 89 20 97 21 83 23 36 26 60 27 32 28 19 
18 20 89 21 74 22 39 23 10 24 51 25 3 
19 21 58 22 53 28 69 29 83
20 24 59 25 17 26 52 
21 22 31 24 46 25 47 29 94
22 23 42 24 33 25 56 26 25 27 22 
23 24 80 26 81 28 68 
24 25 53 26 57 27 35 29 84
25 26 16 27 45 
26 27 39 28 44 
27 29 85
28 29 18
29