30 
0 1 95 2 12 4 39 7 49 9 75 10 53 11 89 13 7 14 23 15 46 17 82 18 26 19 98 20 89 21 89 22 34 23 37 26 86 27 78 28 90 29 47
1 3 96 4 79 5 93 7 55 8 27 9 82 13 78 14 94 15 90 16 10 18 80 19 33 20 68 21 33 22 8 26 43 27 88 
2 0 65 5 89 6 95 8 92 13 78 14 72 17 53 18 25 19 49 20 29 22 74 23 45 24 70 28 53 29 24
3 0 6 6 93 7 84 8 28 13 48 16 27 17 55 18 8 21 93 23 68 25 44 26 50 27 69 28 68 
4 0 10 1 70 2 50 9 56 10 88 12 79 15 9 16 6 17 43 18 32 22 11 23 46 26 9 
5 0 65 1 86 2 75 3 13 4 5 6 91 7 34 9 97 10 49 13 93 14 74 20 58 21 73 23 19 29 9
6 2 35 3 23 5 77 7 96 8 82 9 96 10 100 12 63 13 2 14 19 18 57 19 74 20 3 23 52 24 98 28 54 29 53
7 0 84 1 57 8 22 9 26 12 4 13 38 16 60 22 16 26 3 29 32
8 1 69 2 29 3 11 6 46 7 95 9 86 11 59 12 100 15 54 16 100 17 51 18 98 19 18 21 70 26 32 28 65 
9 2 42 5 33 6 6 7 50 10 56 11 59 15 67 19 12 21 86 22 32 24 94 25 40 26 4 27 2 28 15 
10 1 69 2 42 3 57 4 33 5 23 7 69 9 53 14 70 15 74 17 4 18 74 21 10 22 80 24 35 25 61 27 14 29 6
11 0 30 3 94 4 60 5 12 7 36 8 16 10 10 13 10 14 91 19 95 20 53 21 24 23 67 26 67 29 43
12 0 75 4 80 8 7 9 72 15 77 16 94 18 98 20 26 21 12 24 10 28 74 29 76
13 1 34 2 44 3 72 14 60 17 90 19 83 20 2 21 10 23 97 26 10 28 45 29 56
14 0 17 1 38 4 73 6 99 9 99 13 30 16 99 20 20 23 69 25 18 26 13 28 32 
15 1 51 2 17 4 39 7 80 8 66 12 77 17 34 19 27 21 10 23 28 26 68 27 59 29 33
16 0 10 2 97 3 70 7 82 9 37 10 35 12 72 15 61 18 40 19 13 20 48 23 3 25 14 29 5
17 1 48 3 83 4 74 5 63 6 15 7 72 10 78 11 78 12 68 13 98 14 64 15 8 18 54 19 66 20 43 22 88 26 68 
18 1 17 2 46 5 54 6 63 7 37 9 84 14 71 19 42 21 59 22 89 23 38 24 13 25 22 26 37 29 36
19 1 42 4 33 8 62 9 45 21 60 22 97 23 36 28 23 
20 5 29 6 38 10 53 13 66 18 71 19 96 21 15 23 5 24 19 25 35 26 74 28 87 
21 0 87 2 5 5 38 6 35 7 96 9 50 10 73 15 15 16 100 19 96 26 84 28 30 
22 1 54 2 36 4 16 7 87 8 13 9 1 10 31 11 34 12 73 13 11 15 6 17 90 18 24 20 97 26 5 27 21 28 4 
23 1 4 2 81 8 46 9 83 10 54 14 9 15 15 19 87 20 63 26 65 27 19 
24 1 91 2 3 7 14 10 68 11 58 15 47 19 32 22 91 25 49 26 70 27 98 29 4
25 0 84 5 57 6 27 7 76 8 50 10 64 13 89 16 12 19 55 21 29 22 46 24 64 28 1 
26 0 53 2 29 5 19 7 89 8 34 14 56 16 42 18 28 19 8 22 52 23 34 24 25 28 80 29 6
27 0 2 1 25 3 60 4 95 9 50 12 39 13 28 14 97 15 100 16 99 20 23 24 23 25 88 26 41 28 82 29 16
28 0 3 1 52 2 84 3 38 5 65 9 62 11 23 12 60 13 44 14 6 16 10 21 100 22 48 23 73 25 90 27 92 
29 0 38 1 42 3 95 7 55 8 31 12 69 13 91 16 31 18 35 19 10 20 19 21 50 22 81 23 50 25 96 26 52 28 52 
