30 
0 1 12 3 89 5 57 6 27 7 25 8 2 9 46 10 100 12 89 13 49 14 70 15 49 17 33 18 92 23 10 24 22 25 97 26 56 29 23
1 0 12 5 74 6 63 8 36 10 33 14 6 16 64 17 17 19 4 21 86 24 32 25 87 27 2 28 70 29 55
2 4 90 6 14 7 56 10 83 11 69 12 48 15 2 19 59 22 50 25 91 
3 0 89 7 73 8 26 9 48 11 25 14 13 15 63 16 34 18 46 19 68 20 58 21 30 26 88 27 10 
4 2 90 5 44 8 23 18 89 19 80 22 38 25 87 26 37 28 52 
5 0 57 1 74 4 44 6 74 8 28 9 72 11 2 12 86 13 70 15 82 17 94 18 88 20 92 23 37 25 35 26 100 27 82 29 84
6 0 27 1 63 2 14 5 74 8 12 9 2 10 45 13 31 15 66 19 6 22 25 24 4 25 49 26 16 
7 0 25 2 56 3 73 8 42 10 16 13 3 15 72 16 87 17 10 18 20 19 14 20 23 21 10 23 24 25 92 26 27 28 64 
8 0 2 1 36 3 26 4 23 5 28 6 12 7 42 10 19 14 2 20 72 21 37 26 42 29 93
9 0 46 3 48 5 72 6 2 10 96 11 16 13 18 15 22 16 82 19 60 23 7 26 78 28 20 
10 0 100 1 33 2 83 6 45 7 16 8 19 9 96 11 16 12 40 13 57 14 90 19 52 28 41 
11 2 69 3 25 5 2 9 16 10 16 13 65 17 27 21 4 23 45 24 7 28 75 29 58
12 0 89 2 48 5 86 10 40 13 52 18 51 21 24 24 44 25 60 26 78 28 43 29 49
13 0 49 5 70 6 31 7 3 9 18 10 57 11 65 12 13 18 36 20 55 24 14 26 50 27 29 29 21
14 0 70 1 6 3 13 8 2 10 90 15 70 20 90 22 55 26 50 27 17 29 62
15 0 49 2 2 3 63 5 82 6 66 7 72 9 22 14 70 18 27 19 29 20 81 21 64 28 23 
16 1 64 3 34 7 87 9 82 17 77 19 64 20 24 22 57 23 85 24 9 27 41 28 3 29 21
17 0 33 1 17 5 94 7 10 11 27 16 77 18 72 19 4 21 84 27 32 28 36 
18 0 92 3 46 4 89 5 88 7 20 12 18 13 18 15 27 17 72 20 80 24 86 27 9 29 13
19 1 4 2 59 3 68 4 80 6 6 7 14 9 60 10 52 15 29 16 64 17 4 22 20 23 2 24 66 27 4 28 32 29 3
20 3 58 5 92 7 23 8 72 13 20 14 90 15 81 16 24 18 80 21 48 22 53 25 59 26 54 27 4 29 20
21 1 86 3 30 7 10 8 37 11 4 12 21 15 64 17 84 20 48 22 65 24 61 26 86 29 48
22 2 50 4 38 6 25 14 55 16 57 19 20 20 53 21 65 23 51 24 23 25 18 27 88 28 77 
23 0 10 5 37 7 24 9 7 11 45 16 85 19 2 22 51 26 59 29 78
24 0 22 1 32 6 4 11 7 12 24 13 24 16 9 18 86 19 66 21 61 22 23 27 39 
25 0 97 1 87 2 91 4 87 5 35 6 49 7 92 12 25 20 59 22 18 26 15 28 28 29 76
26 0 56 3 88 4 37 5 100 6 16 7 27 8 42 9 78 12 26 13 26 14 50 20 54 21 86 23 56 25 15 27 59 29 66
27 1 2 3 10 5 82 13 27 14 17 16 41 17 32 18 9 19 4 20 4 22 88 24 39 26 59 28 71 
28 1 70 4 52 7 64 9 20 10 41 11 75 12 28 15 23 16 3 17 36 19 32 22 77 25 28 27 71 29 43
29 0 23 1 55 5 84 8 93 11 58 12 29 13 29 14 62 16 21 18 13 19 3 21 48 23 78 25 76 26 99 28 43 
